2.677449374201741894e-01
4.926967113464142956e-01
6.425045874833273940e-01
7.664184685565995636e-01
8.759211794054528877e-01
9.761483119782625728e-01
1.069952097396508650e+00
1.159143864025022674e+00
1.244965254548388023e+00
1.328357306877411936e+00
1.410059608988617486e+00
1.490693698847406656e+00
1.570797616252151307e+00
1.650904468568206829e+00
1.731531487070757436e+00
1.813229298807530032e+00
1.896624011986186131e+00
1.982451595877158690e+00
2.071641746145183927e+00
2.165445963204946089e+00
2.265673794329752244e+00
2.375174648102100772e+00
2.499089706993793847e+00
2.648899154887484286e+00
2.873839335501868320e+00
